369 57 60 38
350 42 60 38
358 65 60 38
363 89 60 38
387 95 60 38
393 119 60 38
390 143 60 38
382 141 60 38
374 120 60 38
355 135 60 38
344 113 60 38
363 129 60 38
352 107 60 38
339 86 60 38
317 75 60 38
304 79 60 38
299 91 60 38
300 112 60 38
287 91 60 38
285 115 60 38
280 139 60 38
289 162 60 38
312 171 60 38
315 149 60 38
321 125 60 38
332 103 60 38
334 79 60 38
327 56 60 38
310 44 60 38
303 37 60 38
299 35 60 38
304 40 60 38
311 51 60 38
326 66 60 38
337 88 60 38
346 111 60 38
352 135 60 38
361 158 60 38
377 177 60 38
397 183 60 38
419 173 60 38
432 152 60 38
436 134 60 38
418 119 60 38
395 110 60 38
371 106 60 38
352 101 60 38
344 96 60 38
336 94 60 38
332 95 60 38
333 101 60 38
340 113 60 38
354 131 60 38
360 151 60 38
364 166 60 38
365 164 60 38
373 144 60 38
389 125 60 38
400 103 60 38
409 80 60 38
409 56 60 38
400 33 60 38
383 15 60 38
367 5 60 38
366 1 60 38
364 0 60 38
360 4 60 38
359 13 60 38
362 26 60 38
370 42 60 38
